$ANSIBLE_VAULT;1.1;AES256
35346361396563366131346237653664386362383830353138623166373736666162346439646131
3065393465633039613337383861623664653762343838390a626234326533623165616633363633
37356162383037323331613066636335363933343834366137373438373035613532393339623934
3337383332386332640a613935613533656333383835666230653265623561613231643337333231
64346261643232316663313663303439663738313239393932653761333735666163386435323264
63336465626666633466366362306437646230363837333564356332333132353566366266323035
64333962616530616236303336383232326433626536316533326165353838343834356531346439
61313130346466313765653766303465313836613063333633393335313334636661633738633332
65313536623462616334663830343866363663366437653538316337636163653464643632323962
35336565653261633566393738623261313764666466613362383936393532333138653130346634
63646530303964373430356235633163616637373966363161346236303133633537373963633732
35623737636534346538623462356539396464656533643635643965643339303531653666643961
36393233633539393561613331323536396665383165346166633530393433306333326264393862
35373932323839633766616466636662613130393265366166333135646263636131383165393331
61313264303861393034663236306466663034616561646635653939396466313232323435323864
62636361326637643462373135663039666133323736636633633732393134383032616361336134
37323966303930623538623630666431393861373535336364623031613230393436626232346463
36646137343134663764333166663265653338653863646566363864643433323935656230616236
35656533363262373566663335303333333430303665613738613836303137336134366661323465
34343531396236346332316635646339323532303737383135623130346664316661643861666431
61346633386638373362366238346236333437663961663564656330633739373534346366353830
35663033666237343764636336393530646430336236623333323834373233653932353435383732
30366562393335616130306133373336346231396438626538383530623230343539353138363163
61303935643432323462303463613361656264653665343266646534323438313061396430336232
63313838616165623763313462633036656332386138336163626338626332303562366432373133
35393839393338356561643065333634626639383032643963383932666433653337323564363835
34643238363531393438343462623766336633373665616436626162356639616262643965303435
32393062626263363630633030626164356563366235623732636264333938656363383439316566
35643465366338326338333935643339336630643534623034363164316462623765613563643661
61666265333838616233363135396662323935636265393332393962663464333732616431363761
38373834613737656438396233336265383034666539393964313463326266653638313962386562
61663165633061636261393831633034376466633834623931343938633737663337646138373930
34663862313162316430316365656530643432383139313065396637323166373530626566616539
31346266366263666531633539336131653330343366366131663863356637666436303030353836
66353934646265643233653638303666613363386234363932656330383632353164656137376336
63656533373836376138363835343536633661373363653739326263616139306239346639356533
37613161633337633537386232623130313438376263623233306636633564646632666665396330
63353264356463373630346662323330323331393866656138316235336336666132363037336264
31303235376232386366363830393964643139333431306235303163373561623733333531653437
37343965313730616635323463643766336561316165633962633134323331396232396265656230
32326661393837316162376461626164393536626165633436373138326164353531646331663032
30376333393538303434646433383032643363313737333861303236333565343331623736323631
37383564656563663162376133383230343738373331353366343638653963326435303734393838
37346465376565383933366364333538663663343933313634653936633966646165356165326166
37363138626461653035353531306235383537326130383631366433343439333830613261306233
64353433383832616536373732653862383131363062626438653466636632343866316339393063
35326664633565303436373238333237623866633339366634306161653236623030323432306431
32633839353830396561646134653038383433306331656533383339363935383431333433376637
63336337343832643063353061306439353039353530663861356561353035396337653834376431
35363539356464656462316363636238633238666235633035646139386464363630653736353762
36356430303265353735643539663666313231613766373261653264633862363335363333313131
38326533373165613166646561633363653962633130663265633862633265313033646465343931
32376632303164323838333764343638666363306631626630383130323762363531333531646631
62373436386231346334353539653136656634396331346563653534363566376134333537623531
35386335346637636264643639643431643965393563373535626432646135326161303135343735
61643537336164666531356539303931376534383738666233613838373232613236653664333336
32653034373630383764313636616537383863313238373266653633376663303837386664306438
33616434336563623133393535643633333332613532363863643264623636663138353233363431
35313262376632356237386230626362373761346238396530343438323565353633363234646630
33386262633862626263386532633836363932633766396636336464653762636131303738653037
30303733623538616135333632303932333739396165386262393435323463663663623831613464
31353964326563626664303236613461613362336262376164646632656635343739386264353563
38653466373534333739316365376432653334356639663836316162653262393530623636366362
65386530313833633462613133333238343430663432336331613133333263306436356365303034
36666635316634623063393035623536326464633630396333326639393830343938306461346561
61336364646362373563373038383866636431356437623735343736643736633936343138323132
63376465613231363830653531373331653634633135643666326632376131383636383130343766
31343233646136663536343936646333626438316436313230303364353664333531656431646566
61393938663438653130353536663736656138326437653734333239356631303536326231303938
33386663316562656564353537343766623230386666396563396439613361373631343537383435
34323066313130636431316237633165313839363534383038653034303464656464383261366330
66343731366635333736356262376663396535323261353333643838386138396134643464396532
65643130383130633566626366356534333833316365666336316662376537353037373639626562
38336238316263663663366364663838613961306131383432626266306532316562316630656230
33316562663539363663366234333833656266386438343130636532653631346334373030353666
39646461336161313832333865666561653866616563363030656166303834333164323831643063
37356632346238633332316237616263383338383132303039336333373435663263336238333664
65353863303139666133343834316566623435666335333739323835356131383037383037623461
32373563636363616663373638323466616166616562646164653563386263663861393335636638
30643235633162383266636537636636373430313937663163326263663834333161656632356236
30356332313430343964623436316463353733613334646437356265396463303432626335313262
36636162333033393835616237386138646664323732656533326566383235353165643734386365
30343431346665316437633862396130633434316638343932653331386334613832343533383364
30313364626336303765313366656663346637663430303262653337646537343831653865333036
61366165336434366161356131393538633664323034666339363338363938333264373534663365
38323265633233303034383235343236323835346466343935663536633034373632616663653731
66303338613530636331303561653430616264396636356437376334623263303366303665393635
64616362396132376134
